Name	1	2	3	4	5	6	7	8	9	10	11	12
NUCLEAR	4.000000	3.211462	3.043624	2.716346	2.596238	2.440859	4.000000	4.000000	4.000000	4.000000	3.329966	3.360264
CCGT	2.798571	3.500000	3.500000	3.500000	3.451486	3.500000	1.905279	1.897596	2.153185	2.568986	3.500000	3.500000
CCGT_CCS	0.000000	0.000000	0.000000	0.000000	0.000000	0.000000	0.000000	0.000000	0.000000	0.000000	0.000000	0.000000
COAL_US	0.000000	0.000000	0.000000	0.000000	0.000000	0.000000	0.000000	0.000000	0.000000	0.000000	0.000000	0.000000
COAL_IGCC	0.000000	0.000000	0.000000	0.000000	0.000000	0.000000	0.000000	0.000000	0.000000	0.000000	0.000000	0.000000
COAL_US_CCS	0.000000	0.000000	0.000000	0.000000	0.000000	0.000000	0.000000	0.000000	0.000000	0.000000	0.000000	0.000000
COAL_IGCC_CCS	0.000000	0.000000	0.000000	0.000000	0.000000	0.000000	0.000000	0.000000	0.000000	0.000000	0.000000	0.000000
PV	0.000033	0.000058	0.000074	0.000094	0.000096	0.000096	0.000101	0.000096	0.000079	0.000054	0.000032	0.000022
WIND	0.005850	0.005022	0.005076	0.003276	0.003168	0.002520	0.002682	0.002430	0.002916	0.005022	0.005634	0.006102
HYDRO_DAM	0.000000	0.000000	0.000000	0.000000	0.000000	0.000000	0.000000	0.000000	0.000000	0.000000	0.000000	0.000000
NEW_HYDRO_DAM	0.000000	0.000000	0.000000	0.000000	0.000000	0.000000	0.000000	0.000000	0.000000	0.000000	0.000000	0.000000
HYDRO_RIVER	0.000000	0.000000	0.000000	0.000000	0.000000	0.000000	0.000000	0.000000	0.000000	0.000000	0.000000	0.000000
NEW_HYDRO_RIVER	0.000000	0.000000	0.000000	0.000000	0.000000	0.000000	0.000000	0.000000	0.000000	0.000000	0.000000	0.000000
GEOTHERMAL	0.000000	0.000000	0.000000	0.000000	0.000000	0.000000	0.000000	0.000000	0.000000	0.000000	0.000000	0.000000
IND_COGEN_GAS	0.020000	0.020000	0.020000	0.000000	0.020000	0.020000	0.020000	0.020000	0.003500	0.020000	0.020000	0.020000
IND_COGEN_WOOD	0.000000	0.000000	0.000000	0.000000	0.000000	0.000000	0.000000	0.000000	0.000000	0.000000	0.000000	0.000000
IND_COGEN_WASTE	0.000000	0.000000	0.000000	0.000000	0.000000	0.000000	0.000000	0.000000	0.000000	0.000000	0.000000	0.000000
IND_BOILER_GAS	0.992534	1.170000	1.143372	1.012534	1.170000	1.170000	0.992534	1.170000	1.009034	1.170000	1.170000	1.170000
IND_BOILER_WOOD	0.000000	0.000000	0.000000	0.000000	0.000000	0.000000	0.000000	0.000000	0.000000	0.000000	0.000000	0.000000
IND_BOILER_OIL	0.000000	0.000000	0.000000	0.000000	0.000000	0.000000	0.000000	0.000000	0.000000	0.000000	0.000000	0.000000
IND_BOILER_COAL	0.000000	0.000000	0.000000	0.000000	0.000000	0.000000	0.000000	0.000000	0.000000	0.000000	0.000000	0.000000
IND_BOILER_WASTE	1.158870	0.981404	1.008032	1.158870	0.981404	0.981404	1.158870	0.981404	1.158870	0.981404	0.981404	0.981404
IND_DIRECT_ELEC	0.000000	0.000000	0.000000	0.000000	0.000000	0.000000	0.000000	0.000000	0.000000	0.000000	0.000000	0.000000
DHN_HP_ELEC	0.877000	0.877000	0.877000	0.132333	0.000000	0.000000	0.000000	0.000000	0.000000	0.587079	0.877000	0.877000
DHN_COGEN_GAS	0.000000	0.000000	0.000000	0.000000	0.000000	0.000000	0.000000	0.000000	0.000000	0.000000	0.000000	0.000000
DHN_COGEN_WOOD	0.000000	0.000000	0.000000	0.000000	0.000000	0.000000	0.000000	0.000000	0.000000	0.000000	0.000000	0.000000
DHN_COGEN_WASTE	0.000000	0.000000	0.000000	0.000000	0.000000	0.000000	0.000000	0.000000	0.000000	0.000000	0.000000	0.000000
DHN_BOILER_GAS	0.578980	0.456738	0.128528	0.000000	0.000000	0.000000	0.000000	0.000000	0.000000	0.000000	0.135009	0.747000
DHN_BOILER_WOOD	0.000000	0.000000	0.000000	0.000000	0.000000	0.000000	0.000000	0.000000	0.000000	0.000000	0.000000	0.000000
DHN_BOILER_OIL	0.000000	0.000000	0.000000	0.000000	0.000000	0.000000	0.000000	0.000000	0.000000	0.000000	0.000000	0.000000
DHN_DEEP_GEO	0.299000	0.299000	0.299000	0.299000	0.167596	0.167596	0.167596	0.167596	0.289130	0.299000	0.299000	0.299000
DEC_HP_ELEC	0.000000	0.000000	0.000000	0.000000	0.000000	0.000000	0.000000	0.000000	0.000000	0.000000	0.000000	0.000000
DEC_THHP_GAS	2.553532	2.375667	1.898115	0.627599	0.243855	0.243855	0.243855	0.243855	0.420690	1.289264	1.907545	2.798004
DEC_COGEN_GAS	0.000000	0.000000	0.000000	0.000000	0.000000	0.000000	0.000000	0.000000	0.000000	0.000000	0.000000	0.000000
DEC_COGEN_OIL	0.000000	0.000000	0.000000	0.000000	0.000000	0.000000	0.000000	0.000000	0.000000	0.000000	0.000000	0.000000
DEC_ADVCOGEN_GAS	0.000000	0.000000	0.000000	0.000000	0.000000	0.000000	0.000000	0.000000	0.000000	0.000000	0.000000	0.000000
DEC_ADVCOGEN_H2	0.000000	0.000000	0.000000	0.000000	0.000000	0.000000	0.000000	0.000000	0.000000	0.000000	0.000000	0.000000
DEC_BOILER_GAS	8.937363	8.314833	6.643402	2.196595	0.853494	0.853494	0.853494	0.853494	1.472415	4.512423	6.676406	9.793015
DEC_BOILER_WOOD	0.000000	0.000000	0.000000	0.000000	0.000000	0.000000	0.000000	0.000000	0.000000	0.000000	0.000000	0.000000
DEC_BOILER_OIL	1.276766	1.187833	0.949057	0.313799	0.121928	0.121928	0.121928	0.121928	0.210345	0.644632	0.953772	1.399002
DEC_SOLAR	0.000000	0.000000	0.000000	0.000000	0.000000	0.000000	0.000000	0.000000	0.000000	0.000000	0.000000	0.000000
DEC_DIRECT_ELEC	0.000000	0.000000	0.000000	0.000000	0.000000	0.000000	0.000000	0.000000	0.000000	0.000000	0.000000	0.000000
TRAMWAY_TROLLEY	0.000000	0.000000	0.000000	0.000000	0.000000	0.000000	0.000000	0.000000	0.000000	0.000000	0.000000	0.000000
BUS_COACH_DIESEL	0.000000	0.000000	0.000000	0.000000	0.000000	0.000000	0.000000	0.000000	0.000000	0.000000	0.000000	0.000000
BUS_COACH_HYDIESEL	0.000000	0.000000	0.000000	0.000000	0.000000	0.000000	0.000000	0.000000	0.000000	0.000000	0.000000	0.000000
BUS_COACH_CNG_STOICH	1.667229	1.667229	1.667229	1.667229	1.667229	1.667229	1.667229	1.667229	1.667229	1.667229	1.667229	1.667229
BUS_COACH_FC_HYBRIDH2	0.000000	0.000000	0.000000	0.000000	0.000000	0.000000	0.000000	0.000000	0.000000	0.000000	0.000000	0.000000
TRAIN_PUB	6.668918	6.668918	6.668918	6.668918	6.668918	6.668918	6.668918	6.668918	6.668918	6.668918	6.668918	6.668918
CAR_GASOLINE	1.667229	1.667229	1.667229	1.667229	1.667229	1.667229	1.667229	1.667229	1.667229	1.667229	1.667229	1.667229
CAR_DIESEL	1.667229	1.667229	1.667229	1.667229	1.667229	1.667229	1.667229	1.667229	1.667229	1.667229	1.667229	1.667229
CAR_NG	0.833615	0.833615	0.833615	0.833615	0.833615	0.833615	0.833615	0.833615	0.833615	0.833615	0.833615	0.833615
CAR_HEV	0.000000	0.000000	0.000000	0.000000	0.000000	0.000000	0.000000	0.000000	0.000000	0.000000	0.000000	0.000000
CAR_PHEV	0.000000	0.000000	0.000000	0.000000	0.000000	0.000000	0.000000	0.000000	0.000000	0.000000	0.000000	0.000000
CAR_BEV	2.500844	2.500844	2.500844	2.500844	2.500844	2.500844	2.500844	2.500844	2.500844	2.500844	2.500844	2.500844
CAR_FUEL_CELL	1.667229	1.667229	1.667229	1.667229	1.667229	1.667229	1.667229	1.667229	1.667229	1.667229	1.667229	1.667229
TRAIN_FREIGHT	2.737445	2.737445	2.737445	2.737445	2.737445	2.737445	2.737445	2.737445	2.737445	2.737445	2.737445	2.737445
TRUCK	1.824963	1.824963	1.824963	1.824963	1.824963	1.824963	1.824963	1.824963	1.824963	1.824963	1.824963	1.824963
PUMPED_HYDRO	0.000000	0.000000	0.000000	0.000000	0.000000	0.000000	0.000000	0.000000	0.000000	0.000000	0.000000	0.000000
POWER2GAS	0.000000	0.000000	0.000000	0.000000	0.000000	0.000000	0.000000	0.000000	0.000000	0.000000	0.000000	0.000000
EFFICIENCY	0.000000	0.000000	0.000000	0.000000	0.000000	0.000000	0.000000	0.000000	0.000000	0.000000	0.000000	0.000000
DHN	0.000000	0.000000	0.000000	0.000000	0.000000	0.000000	0.000000	0.000000	0.000000	0.000000	0.000000	0.000000
GRID	0.000000	0.000000	0.000000	0.000000	0.000000	0.000000	0.000000	0.000000	0.000000	0.000000	0.000000	0.000000
POWER2GAS_1	0.000000	0.000000	0.000000	0.000000	0.000000	0.000000	0.000000	0.000000	0.000000	0.000000	0.000000	0.000000
POWER2GAS_2	0.000000	0.000000	0.000000	0.000000	0.000000	0.000000	0.000000	0.000000	0.000000	0.000000	0.000000	0.000000
POWER2GAS_3	0.000000	0.000000	0.000000	0.000000	0.000000	0.000000	0.000000	0.000000	0.000000	0.000000	0.000000	0.000000
H2_ELECTROLYSIS	0.000000	0.000000	0.000000	0.000000	0.000000	0.000000	0.000000	0.000000	0.000000	0.000000	0.000000	0.000000
H2_NG	0.299101	0.299101	0.299101	0.299101	0.299101	0.299101	0.299101	0.299101	0.299101	0.299101	0.299101	0.299101
H2_BIOMASS	0.000000	0.000000	0.000000	0.000000	0.000000	0.000000	0.000000	0.000000	0.000000	0.000000	0.000000	0.000000
GASIFICATION_SNG	0.000000	0.000000	0.000000	0.000000	0.000000	0.000000	0.000000	0.000000	0.000000	0.000000	0.000000	0.000000
PYROLYSIS	0.000000	0.000000	0.000000	0.000000	0.000000	0.000000	0.000000	0.000000	0.000000	0.000000	0.000000	0.000000
ELECTRICITY	0.000000	0.000000	0.000000	0.000000	0.000000	0.000000	0.000000	0.000000	0.000000	0.000000	0.000000	0.000000
GASOLINE	0.716408	0.716408	0.716408	0.716408	0.716408	0.716408	0.716408	0.716408	0.716408	0.716408	0.716408	0.716408
DIESEL	1.580361	1.580361	1.580361	1.580361	1.580361	1.580361	1.580361	1.580361	1.580361	1.580361	1.580361	1.580361
BIOETHANOL	0.000000	0.000000	0.000000	0.000000	0.000000	0.000000	0.000000	0.000000	0.000000	0.000000	0.000000	0.000000
BIODIESEL	0.000000	0.000000	0.000000	0.000000	0.000000	0.000000	0.000000	0.000000	0.000000	0.000000	0.000000	0.000000
LFO	1.502115	1.397486	1.116566	0.369185	0.143448	0.143448	0.143448	0.143448	0.247471	0.758409	1.122113	1.645926
LNG	0.000000	0.000000	0.000000	0.000000	0.000000	0.000000	0.000000	0.000000	0.000000	0.000000	0.000000	0.000000
NG	19.134233	19.496894	16.938691	10.827586	9.215724	9.292730	6.570032	6.749233	7.751038	12.577341	17.017356	21.733922
NG_CCS	0.000000	0.000000	0.000000	0.000000	0.000000	0.000000	0.000000	0.000000	0.000000	0.000000	0.000000	0.000000
SNG	0.000000	0.000000	0.000000	0.000000	0.000000	0.000000	0.000000	0.000000	0.000000	0.000000	0.000000	0.000000
WOOD	0.000000	0.000000	0.000000	0.000000	0.000000	0.000000	0.000000	0.000000	0.000000	0.000000	0.000000	0.000000
COAL	0.000000	0.000000	0.000000	0.000000	0.000000	0.000000	0.000000	0.000000	0.000000	0.000000	0.000000	0.000000
COAL_CCS	0.000000	0.000000	0.000000	0.000000	0.000000	0.000000	0.000000	0.000000	0.000000	0.000000	0.000000	0.000000
URANIUM	10.810800	8.679619	8.226002	7.341467	7.016854	6.596911	10.810800	10.810800	10.810800	10.810800	8.999900	9.081786
WASTE	1.413242	1.196822	1.229295	1.413242	1.196822	1.196822	1.413242	1.196822	1.413242	1.196822	1.196822	1.196822
H2	0.000000	0.000000	0.000000	0.000000	0.000000	0.000000	0.000000	0.000000	0.000000	0.000000	0.000000	0.000000
ELEC_EXPORT	0.000000	0.000000	0.000000	0.000000	0.000000	0.000000	0.000000	0.000000	0.000000	0.000000	0.000000	0.000000
