Name	1	2	3	4	5	6	7	8	9	10	11	12
Nuclear	3382.903	243.630	559.667	3600.000	3720.000	3600.000	3720.000	3720.000	3600.000	3720.000	3600.000	3720.000
NG	14508.000	13104.000	14508.000	7597.775	14508.000	8505.909	10659.662	13324.183	9562.066	14508.000	10472.309	13939.097
Coal CCS	4092.000	0.000	0.000	3960.000	4092.000	3960.000	4092.000	146.874	3960.000	4092.000	3960.000	0.000
Coal	5900.218	11424.000	12648.000	12240.000	6069.148	12240.000	10476.797	12648.000	12240.000	7542.317	12240.000	12648.000
Hydro Dams	3327.565	3081.543	2560.231	2773.963	2825.019	2599.046	2614.365	2329.959	2130.311	1718.888	1823.199	1671.001
Hydro River	1077.087	997.453	828.712	897.893	914.420	841.275	846.234	754.176	689.552	556.380	590.144	540.880
Wind	6424.183	4987.463	5575.706	3479.928	3474.715	2684.889	2949.467	2680.110	3101.959	5521.834	5995.382	6707.008
Solar	1591.044	2564.621	3622.685	4453.344	4699.699	4571.784	4944.475	4699.699	3719.016	2643.581	1516.032	1077.014
Geothermal	1267.776	1145.088	1267.776	1226.880	1267.776	1226.880	1267.776	1267.776	1226.880	1267.776	32.717	1267.776
