Name	1	2	3	4	5	6	7	8	9	10	11	12
Nuclear	5208.000	0.000	5208.000	5040.000	5208.000	5040.000	5208.000	5208.000	5040.000	5208.000	5040.000	652.680
Coal	2152.320	6384.000	0.000	6840.000	7068.000	6861.267	7068.000	7068.000	12122.275	7068.000	6840.000	7068.000
Hydro Dams	6441.723	5965.456	4956.266	5370.022	5468.859	5031.407	5061.061	4510.490	4123.997	3327.537	3529.470	3234.835
Hydro River	3029.523	2805.536	2330.917	2525.505	2571.988	2366.256	2380.202	2121.270	1939.504	1564.931	1659.899	1521.333
Wind	10505.040	8155.668	9117.582	5690.496	5681.971	4390.420	4823.069	4382.606	5072.427	9029.489	9803.851	10967.526
Solar	2558.244	4123.661	5824.925	7160.544	7556.659	7350.984	7950.236	7556.659	5979.816	4250.621	2437.632	1731.734
Geothermal	1267.776	0.000	1267.776	1226.880	1267.776	1226.880	1267.776	1267.776	1226.880	1267.776	1226.880	1218.701
Electricity	6384.838	8001.826	10527.411	4113.853	4409.623	5700.086	5474.533	4573.596	0.000	4972.043	4967.168	12838.068
CHP	1685.413	0.000	0.000	0.000	0.000	0.000	0.000	2544.480	2462.400	2544.480	2462.400	0.000
